n_epochs: 72 sn_base: 23 E: 0.4927026447703503 sd+-: 0.02737622475641538
n_epochs: 72 sn_base: 126.5 E: 0.4119901877899044 sd+-: 0.00746624311538602
n_epochs: 360 sn_base: 23 E: 0.44137585291041403 sd+-: 0.03235372016667273
n_epochs: 360 sn_base: 126.5 E: 0.3692384819690765 sd+-: 0.07217368344873147
